1
root
512
0
0
-1
-1
-1
5
-1
-1
-1
-1
-1
-1
-1
3
eUP_14.xsm
144
0
-1
-1
-1
-1
69
-1
-1
-1
-1
-1
-1
-1
3
oUP_14.xsm
144
0
-1
-1
-1
-1
70
-1
-1
-1
-1
-1
-1
-1
3
prime_14.xsm
288
0
-1
-1
-1
-1
71
-1
-1
-1
-1
-1
-1
-1
3
llist.xsm
514
0
-1
-1
-1
-1
72
73
-1
-1
-1
-1
-1
-1
3
parent.xsm
280
0
-1
-1
-1
-1
74
-1
-1
-1
-1
-1
-1
-1
3
child.xsm
374
0
-1
-1
-1
-1
75
-1
-1
-1
-1
-1
-1
-1
3
msort.xsm
1150
0
-1
-1
-1
-1
76
77
78
-1
-1
-1
-1
-1
3
msortC.xsm
1930
0
-1
-1
-1
-1
79
80
81
82
-1
-1
-1
-1
3
pid.xsm
182
0
-1
-1
-1
-1
83
-1
-1
-1
-1
-1
-1
-1
3
s21a2.xsm
236
0
-1
-1
-1
-1
84
-1
-1
-1
-1
-1
-1
-1
3
s22a1.xsm
990
0
-1
-1
-1
-1
85
86
-1
-1
-1
-1
-1
-1
3
cFile.xsm
210
0
-1
-1
-1
-1
87
-1
-1
-1
-1
-1
-1
-1
3
cat.xsm
346
0
-1
-1
-1
-1
88
-1
-1
-1
-1
-1
-1
-1
3
rm.xsm
168
0
-1
-1
-1
-1
89
-1
-1
-1
-1
-1
-1
-1
2
sample.dat
18
1
1
-1
-1
-1
90
-1
-1
-1
-1
-1
-1
-1
2
numbers.dat
2047
1
1
-1
-1
-1
91
92
93
94
-1
-1
-1
-1
3
s24a2.xsm
534
0
-1
-1
-1
-1
95
96
-1
-1
-1
-1
-1
-1
3
wFile.xsm
462
0
-1
-1
-1
-1
97
-1
-1
-1
-1
-1
-1
-1
3
s25a1.xsm
880
0
-1
-1
-1
-1
99
100
-1
-1
-1
-1
-1
-1
3
test.xsm
396
0
-1
-1
-1
-1
98
-1
-1
-1
-1
-1
-1
-1
2
w.dat
100
1
1
-1
-1
-1
101
-1
-1
-1
-1
-1
-1
-1
3
s25a2.xsm
694
0
-1
-1
-1
-1
102
103
-1
-1
-1
-1
-1
-1
2
w1.dat
1614
1
1
-1
-1
-1
104
105
106
107
-1
-1
-1
-1
3
s25a3.xsm
1014
0
-1
-1
-1
-1
108
109
-1
-1
-1
-1
-1
-1
3
s25a4.xsm
2046
0
-1
-1
-1
-1
110
111
112
113
-1
-1
-1
-1
3
cp.xsm
612
0
-1
-1
-1
-1
114
115
-1
-1
-1
-1
-1
-1
3
ls.xsm
262
0
-1
-1
-1
-1
116
-1
-1
-1
-1
-1
-1
-1
-1
-1
-1
-1
-1
-1
-1
-1
-1
-1
-1
-1
-1
-1
-1
-1
-1
-1
0
-1
-1
-1
-1
-1
-1
-1
-1
-1
-1
-1
-1
-1
-1
-1
0
-1
-1
-1
-1
-1
-1
-1
-1
-1
-1
-1
-1
-1
-1
-1
0
-1
-1
-1
-1
-1
-1
-1
-1
-1
-1
-1
-1
-1
-1
-1
0
-1
-1
-1
-1
-1
-1
-1
-1
-1
-1
-1
-1
-1
-1
-1
0
-1
-1
-1
-1
-1
-1
-1
-1
-1
-1
-1
-1
-1
-1
-1
0
-1
-1
-1
-1
-1
-1
-1
-1
-1
-1
-1
-1
-1
-1
-1
0
-1
-1
-1
-1
-1
-1
-1
-1
-1
-1
-1
-1
-1
-1
-1
0
-1
-1
-1
-1
-1
-1
-1
-1
-1
-1
-1
-1
-1
-1
-1
0
-1
-1
-1
-1
-1
-1
-1
-1
-1
-1
-1
-1
-1
-1
-1
0
-1
-1
-1
-1
-1
-1
-1
-1
-1
-1
-1
-1
-1
-1
-1
0
-1
-1
-1
-1
-1
-1
-1
-1
-1
-1
-1
-1
-1
-1
-1
0
-1
-1
-1
-1
-1
-1
-1
-1
-1
-1
-1
-1
-1
-1
-1
0
-1
-1
-1
-1
-1
-1
-1
-1
-1
-1
-1
-1
-1
-1
-1
0
-1
-1
-1
-1
-1
-1
-1
-1
-1
-1
-1
-1
-1
-1
-1
0
-1
-1
-1
-1
-1
-1
-1
-1
-1
-1
-1
-1
-1
-1
-1
0
-1
-1
-1
-1
-1
-1
-1
-1
-1
-1
-1
-1
-1
-1
-1
0
-1
-1
-1
-1
-1
-1
-1
-1
-1
-1
-1
-1
-1
-1
-1
0
-1
-1
-1
-1
-1
-1
-1
-1
-1
-1
-1
-1
-1
-1
-1
0
-1
-1
-1
-1
-1
-1
-1
-1
-1
-1
-1
-1
-1
-1
-1
0
-1
-1
-1
-1
-1
-1
-1
-1
-1
-1
-1
-1
-1
-1
-1
0
-1
-1
-1
-1
-1
-1
-1
-1
-1
-1
-1
-1
-1
-1
-1
0
-1
-1
-1
-1
-1
-1
-1
-1
-1
-1
-1
-1
-1
-1
-1
0
-1
-1
-1
-1
-1
-1
-1
-1
-1
-1
-1
-1
-1
-1
-1
0
-1
-1
-1
-1
-1
-1
-1
-1
-1
-1
-1
-1
-1
-1
-1
0
-1
-1
-1
-1
-1
-1
-1
-1
-1
-1
-1
-1
-1
-1
-1
0
-1
-1
-1
-1
-1
-1
-1
-1
-1
-1
-1
-1
-1
-1
-1
0
-1
-1
-1
-1
-1
-1
-1
-1
-1
-1
-1
-1
-1
-1
-1
0
-1
-1
-1
-1
-1
-1
-1
-1
-1
-1
-1
-1
-1
-1
-1
0
-1
-1
-1
-1
-1
-1
-1
-1
-1
-1
-1
-1
-1
-1
-1
0
-1
-1
-1
-1
-1
-1
-1
-1
-1
-1
-1
-1
-1
-1
-1
0
-1
-1
-1
-1
-1
-1
-1
-1
-1
-1
-1
-1
-1
kernel
-1
root
452
-1
-1
-1
-1
-1
-1
-1
-1
-1
-1
-1
-1
-1
-1
-1
-1
-1
-1
-1
-1
-1
-1
-1
-1
-1
-1
-1
-1
-1
-1
-1
-1
-1
-1
-1
-1
-1
-1
-1
-1
-1
-1
-1
-1
-1
-1
-1
-1
-1
-1
-1
-1
-1
-1
-1
-1
-1
-1
-1
-1
