root
512
1
-1
-1
-1
-1
-1
eUP_14.xsm
144
3
-1
-1
-1
-1
-1
oUP_14.xsm
144
3
-1
-1
-1
-1
-1
prime_14.xsm
288
3
-1
-1
-1
-1
-1
llist.xsm
514
3
-1
-1
-1
-1
-1
parent.xsm
280
3
-1
-1
-1
-1
-1
child.xsm
374
3
-1
-1
-1
-1
-1
msort.xsm
1150
3
-1
-1
-1
-1
-1
msortC.xsm
1930
3
-1
-1
-1
-1
-1
pid.xsm
182
3
-1
-1
-1
-1
-1
s21a2.xsm
236
3
-1
-1
-1
-1
-1
s22a1.xsm
990
3
-1
-1
-1
-1
-1
cFile.xsm
210
3
-1
-1
-1
-1
-1
cat.xsm
346
3
-1
-1
-1
-1
-1
rm.xsm
168
3
-1
-1
-1
-1
-1
sample.dat
18
2
-1
-1
-1
-1
-1
numbers.dat
2047
2
-1
-1
-1
-1
-1
s24a2.xsm
534
3
-1
-1
-1
-1
-1
wFile.xsm
462
3
-1
-1
-1
-1
-1
s25a1.xsm
880
3
root
1
-1
-1
-1
test.xsm
396
3
root
1
-1
-1
-1
w.dat
100
2
root
1
-1
-1
-1
s25a2.xsm
694
3
root
1
-1
-1
-1
w1.dat
1614
2
root
1
-1
-1
-1
s25a3.xsm
1014
3
-1
-1
-1
-1
-1
s25a4.xsm
2046
3
-1
-1
-1
-1
-1
cp.xsm
612
3
-1
-1
-1
-1
-1
ls.xsm
262
3
-1
-1
-1
-1
-1
-1
-1
-1
-1
-1
-1
-1
-1
-1
0
-1
-1
-1
-1
-1
-1
-1
0
-1
-1
-1
-1
-1
-1
-1
0
-1
-1
-1
-1
-1
-1
-1
0
-1
-1
-1
-1
-1
-1
-1
0
-1
-1
-1
-1
-1
-1
-1
0
-1
-1
-1
-1
-1
-1
-1
0
-1
-1
-1
-1
-1
-1
-1
0
-1
-1
-1
-1
-1
-1
-1
0
-1
-1
-1
-1
-1
-1
-1
0
-1
-1
-1
-1
-1
-1
-1
0
-1
-1
-1
-1
-1
-1
-1
0
-1
-1
-1
-1
-1
-1
-1
0
-1
-1
-1
-1
-1
-1
-1
0
-1
-1
-1
-1
-1
-1
-1
0
-1
-1
-1
-1
-1
-1
-1
0
-1
-1
-1
-1
-1
-1
-1
0
-1
-1
-1
-1
-1
-1
-1
0
-1
-1
-1
-1
-1
-1
-1
0
-1
-1
-1
-1
-1
-1
-1
0
-1
-1
-1
-1
-1
-1
-1
0
-1
-1
-1
-1
-1
-1
-1
0
-1
-1
-1
-1
-1
-1
-1
0
-1
-1
-1
-1
-1
-1
-1
0
-1
-1
-1
-1
-1
-1
-1
0
-1
-1
-1
-1
-1
-1
-1
0
-1
-1
-1
-1
-1
-1
-1
0
-1
-1
-1
-1
-1
-1
-1
0
-1
-1
-1
-1
-1
-1
-1
0
-1
-1
-1
-1
-1
-1
-1
0
-1
-1
-1
-1
-1
-1
-1
0
-1
-1
-1
-1
-1
-1
-1
0
-1
-1
-1
-1
-1
-1
-1
0
-1
-1
-1
-1
-1
-1
-1
0
-1
-1
-1
-1
-1
-1
-1
0
-1
-1
-1
-1
-1
-1
